6.324690711343868 1.283764367816092 0.4510874258244215 -inf -1.839546631042832 0.5671663042352697 nan 1.1531055286252747 1.629878905060687 -0.5564032342416917
1.283764367816092 1.625 0.5 nan -1.625 -0.4375 nan 0.32440476190476186 0.8075757575757576 -0.1412483290253277
0.4510874258244215 0.5 11.14 -inf -0.25 1.6333333333333335 nan -0.4825396825396825 0.787434869052516 -0.08895898717635274
-inf nan -inf inf nan -inf nan nan nan inf
-1.839546631042832 -1.625 -0.25 nan 3.5625 -0.20833333333333334 nan -0.2785714285714286 -0.7669117647058823 0.20168537877787351
0.5671663042352697 -0.4375 1.6333333333333335 -inf -0.20833333333333334 1.7291666666666667 nan -0.7113095238095237 0.3152680652680652 -0.044025174159077564
nan nan nan nan nan nan nan nan nan nan
1.1531055286252747 0.32440476190476186 -0.4825396825396825 nan -0.2785714285714286 -0.7113095238095237 nan 0.9501927437641724 -0.0005425946602416742 -0.10005585891801894
1.629878905060687 0.8075757575757576 0.787434869052516 nan -0.7669117647058823 0.3152680652680652 nan -0.0005425946602416742 1.1712392803876126 -0.16935927024570296
-0.5564032342416917 -0.1412483290253277 -0.08895898717635274 inf 0.20168537877787351 -0.044025174159077564 nan -0.10005585891801894 -0.16935927024570296 0.05051613854846044
