0.026287872085116404 -0.019380973340651413 -0.03450500233845125 0.046926793619365366 -0.06706034270590985 -0.09864543276308689 -0.06906207480262332 0.35940171171641894 -0.1272716401945202 -0.024515458775128413
-0.019380973340651413 0.028725455843257103 0.04617667463573007 -0.00921158729514883 0.01156329360936162 0.04108723239812043 0.04657749831805666 -0.14677200138828972 0.04889540196026891 -0.003926780781318508
-0.03450500233845125 0.04617667463573007 0.22002440647738533 0.07165768634837105 -0.05419449929054235 -0.026110341626692096 0.19716245937844815 -0.8299673029687056 -0.033363303103836055 0.25533485059431765
0.046926793619365366 -0.00921158729514883 0.07165768634837105 1.0777296579378044 -0.3721918376815 -0.2862303039985097 -0.29336652339748315 1.5707614624797286 -0.7531708058023847 -0.3648954318569533
-0.06706034270590985 0.01156329360936162 -0.05419449929054235 -0.3721918376815 0.36989234724601056 0.40417211101161693 0.11915723892464933 -1.1437355302274166 0.5769140848258496 0.03169053521791858
-0.09864543276308689 0.04108723239812043 -0.026110341626692096 -0.2862303039985097 0.40417211101161693 0.6171106291864707 0.18750024838741616 -1.3735636979344075 0.5410944318839055 0.002149052320677039
-0.06906207480262332 0.04657749831805666 0.19716245937844815 -0.29336652339748315 0.11915723892464933 0.18750024838741616 0.5799359980678662 -1.700805860805861 0.2914485514485515 0.41362637362637367
0.35940171171641894 -0.14677200138828972 -0.8299673029687056 1.5707614624797286 -1.1437355302274166 -1.3735636979344075 -1.700805860805861 10.152908163265305 -1.9647309833024118 -1.8612244897959185
-0.1272716401945202 0.04889540196026891 -0.033363303103836055 -0.7531708058023847 0.5769140848258496 0.5410944318839055 0.2914485514485515 -1.9647309833024118 1.2834773523734562 -0.0674196042053185
-0.024515458775128413 -0.003926780781318508 0.25533485059431765 -0.3648954318569533 0.03169053521791858 0.002149052320677039 0.41362637362637367 -1.8612244897959185 -0.0674196042053185 0.9402551020408164
