0.013508215087934837 -0.01043368693860954 -0.014132761173817648 -0.006595477285895314 0.002326682079971873 -0.0020869657752300118 -0.017037306000159135 0.06414709751213446 -0.10113838719357951 -inf
-0.01043368693860954 0.014792310197609787 0.0016056733537164274 0.007708416701960556 -0.005021030381581814 0.012564886522822189 -0.0072218298516497645 -0.006119558995133405 0.0962664586241822 -inf
-0.014132761173817648 0.0016056733537164274 0.06599298090547326 0.014351968023705423 -0.033799289927629615 -0.05195414666776967 0.0464145002955417 -0.22500128428126134 0.10074876020157145 inf
-0.006595477285895314 0.007708416701960556 0.014351968023705423 0.10157467251570756 -0.04980171336387396 0.03302695441579432 0.040546908325052575 -0.22674033131189028 0.6079528801663017 inf
0.002326682079971873 -0.005021030381581814 -0.033799289927629615 -0.04980171336387396 0.06364585378120909 -0.023956813338697605 -0.02783902667219994 0.15044671669347137 -0.25034009233372967 -inf
-0.0020869657752300118 0.012564886522822189 -0.05195414666776967 0.03302695441579432 -0.023956813338697605 0.19313752764480277 0.05097527811078929 0.10302197802197804 0.24398148148148147 -inf
-0.017037306000159135 -0.0072218298516497645 0.0464145002955417 0.040546908325052575 -0.02783902667219994 0.05097527811078929 0.1551153618764048 -0.26919009996747445 0.36749424647186296 inf
0.06414709751213446 -0.006119558995133405 -0.22500128428126134 -0.22674033131189028 0.15044671669347137 0.10302197802197804 -0.26919009996747445 1.274503884393994 -1.9136752136752135 -inf
-0.10113838719357951 0.0962664586241822 0.10074876020157145 0.6079528801663017 -0.25034009233372967 0.24398148148148147 0.36749424647186296 -1.9136752136752135 7.428888888888889 nan
-inf -inf inf inf -inf -inf inf -inf nan inf
