0.0073664576124567475 0.0 -0.0017301038062283738 0.001911159964711574 -0.0061635367048795495 0.002094108880511966 -0.003601440576230492 0.005115089514066497 0.0029360702614379085 0.001991421568627451
0.0 0.0076866688270553415 -0.0016287402857275814 -0.0023896970058485513 0.0002540279459035409 -0.002032928380473766 0.0007034828237684682 0.0003523594224868615 -0.00048490381307718746 0.006777407319202984
-0.0017301038062283738 -0.0016287402857275814 0.0021890761117084145 -0.0005012784121057816 0.002757885208956623 0.00026254447413870115 0.0014043667407509972 -0.0016810525012306479 -0.0016601316458931155 -0.01439771246422775
0.001911159964711574 -0.0023896970058485513 -0.0005012784121057816 0.002135883613369538 -0.0012803586567068869 0.0002735001489257162 -0.0010180048415048915 0.002733226340146897 -0.0003727269736776229 -0.0007246169646170204
-0.0061635367048795495 0.0002540279459035409 0.002757885208956623 -0.0012803586567068869 0.00829143134463516 -0.0025705580565898857 0.004437266646095901 -0.002830039604269279 -0.006468946071741535 -0.02023387926530652
0.002094108880511966 -0.002032928380473766 0.00026254447413870115 0.0002735001489257162 -0.0025705580565898857 0.003550495900445273 -0.0018746580092220584 -0.0013180730950456934 0.002704011408920621 -0.0014389493065721766
-0.003601440576230492 0.0007034828237684682 0.0014043667407509972 -0.0010180048415048915 0.004437266646095901 -0.0018746580092220584 0.005377188355043757 -0.008330264303549474 -0.0009822594030288406 -0.005730486666168945
0.005115089514066497 0.0003523594224868615 -0.0016810525012306479 0.002733226340146897 -0.002830039604269279 -0.0013180730950456934 -0.008330264303549474 0.02334018176585577 -0.006541255252074262 -0.00954823088291238
0.0029360702614379085 -0.00048490381307718746 -0.0016601316458931155 -0.0003727269736776229 -0.006468946071741535 0.002704011408920621 -0.0009822594030288406 -0.006541255252074262 0.008871355341187593 0.02424460114801024
0.001991421568627451 0.006777407319202984 -0.01439771246422775 -0.0007246169646170204 -0.02023387926530652 -0.0014389493065721766 -0.005730486666168945 -0.00954823088291238 0.02424460114801024 0.15212610912785737
