nan nan nan nan nan nan nan nan nan nan
nan 0.4304924425434774 0.09434280419704036 -0.010095776477161165 -0.21736439651618222 -0.6428438990938992 inf nan nan nan
nan 0.09434280419704036 0.059713004783143966 -0.008324059632071697 -0.11461867650949153 -0.3546942877039042 inf nan nan nan
nan -0.010095776477161165 -0.008324059632071697 0.005997698950840411 0.012627226770276915 0.04888632307854163 -inf nan nan nan
nan -0.21736439651618222 -0.11461867650949153 0.012627226770276915 0.236456159213762 0.6756973436385201 -inf nan nan nan
nan -0.6428438990938992 -0.3546942877039042 0.04888632307854163 0.6756973436385201 2.1755158772470224 -inf nan nan nan
nan inf inf -inf -inf -inf inf nan nan nan
nan nan nan nan nan nan nan nan nan nan
nan nan nan nan nan nan nan nan nan nan
nan nan nan nan nan nan nan nan nan nan
