0.36082309026551795 -0.44056022408963585 0.3230507474122025 -0.1687899119757416 0.05492720784314231 -0.0915544065088453 0.01399918285189301 0.07847514005602242 0.16684173669467786 nan
-0.44056022408963585 1.2826303854875285 -0.5344125781625781 0.3524776799171152 -0.09394666554431026 0.0469319352587213 -0.04267643777417173 -0.08216619981325862 0.15952380952380946 -inf
0.3230507474122025 -0.5344125781625781 0.5812292590102774 -0.31162650927552166 0.040133341985499615 -0.05946616230434468 -0.08976855004938367 0.423558757633835 0.20955478184096604 -inf
-0.1687899119757416 0.3524776799171152 -0.31162650927552166 0.220221075859475 -0.03842717540026498 0.02098319747716775 0.0367375605664586 -0.25613498210458563 -0.11564041310090108 -inf
0.05492720784314231 -0.09394666554431026 0.040133341985499615 -0.03842717540026498 0.035627772262473933 -0.034810227857764824 -0.017098905263615908 -0.006702973834759671 0.058443239657996436 inf
-0.0915544065088453 0.0469319352587213 -0.05946616230434468 0.02098319747716775 -0.034810227857764824 0.060463898956612985 0.026229415352591743 0.0028167655449367742 -0.1128848112117505 -inf
0.01399918285189301 -0.04267643777417173 -0.08976855004938367 0.0367375605664586 -0.017098905263615908 0.026229415352591743 0.09277334077546702 -0.12393233695935002 -0.13499415226528716 inf
0.07847514005602242 -0.08216619981325862 0.423558757633835 -0.25613498210458563 -0.006702973834759671 0.0028167655449367742 -0.12393233695935002 0.6434047540584861 -0.08315326130452184 inf
0.16684173669467786 0.15952380952380946 0.20955478184096604 -0.11564041310090108 0.058443239657996436 -0.1128848112117505 -0.13499415226528716 -0.08315326130452184 2.063213025951121 -inf
nan -inf -inf -inf inf -inf inf inf -inf inf
