0.045816638472596205 0.012212917088653559 0.007386131809112779 0.007761246612252337 0.013971679553368647 nan -0.4060661201187337 -0.4060661201187337 -0.3792804058330194 nan
0.012212917088653559 0.03135762135271318 0.007504784246814559 0.001656417681435784 0.005799628714779836 nan -0.3887601133257993 -0.3887601133257993 -0.37046743039897 nan
0.007386131809112779 0.007504784246814559 0.0043077425635229755 -0.0004530714756735888 0.0039941718286098495 nan -0.14163058206664306 -0.14163058206664306 -0.14323314616920715 nan
0.007761246612252337 0.001656417681435784 -0.0004530714756735888 0.011847978261711778 -0.005980979078040882 nan -0.14337067699605455 -0.14337067699605455 -0.13402488260353118 nan
0.013971679553368647 0.005799628714779836 0.0039941718286098495 -0.005980979078040882 0.027013726315642035 nan -0.15568743220558662 -0.15568743220558662 -0.15568743220558662 nan
nan nan nan nan nan nan nan nan nan nan
-0.4060661201187337 -0.3887601133257993 -0.14163058206664306 -0.14337067699605455 -0.15568743220558662 nan 8.0 8.0 7.75 nan
-0.4060661201187337 -0.3887601133257993 -0.14163058206664306 -0.14337067699605455 -0.15568743220558662 nan 8.0 8.0 7.75 nan
-0.3792804058330194 -0.37046743039897 -0.14323314616920715 -0.13402488260353118 -0.15568743220558662 nan 7.75 7.75 7.5625 nan
nan nan nan nan nan nan nan nan nan nan
