0.001277702600312125 0.001277702600312125 0.001277702600312125 0.001277702600312125 0.001277702600312125 0.001277702600312125 0.001277702600312125 0.001277702600312125 0.001277702600312125 0.001277702600312125
0.001277702600312125 0.001277702600312125 0.001277702600312125 0.001277702600312125 0.001277702600312125 0.001277702600312125 0.001277702600312125 0.001277702600312125 0.001277702600312125 0.001277702600312125
0.001277702600312125 0.001277702600312125 0.001277702600312125 0.001277702600312125 0.001277702600312125 0.001277702600312125 0.001277702600312125 0.001277702600312125 0.001277702600312125 0.001277702600312125
0.001277702600312125 0.001277702600312125 0.001277702600312125 0.001277702600312125 0.001277702600312125 0.001277702600312125 0.001277702600312125 0.001277702600312125 0.001277702600312125 0.001277702600312125
0.001277702600312125 0.001277702600312125 0.001277702600312125 0.001277702600312125 0.001277702600312125 0.001277702600312125 0.001277702600312125 0.001277702600312125 0.001277702600312125 0.001277702600312125
0.001277702600312125 0.001277702600312125 0.001277702600312125 0.001277702600312125 0.001277702600312125 0.001277702600312125 0.001277702600312125 0.001277702600312125 0.001277702600312125 0.001277702600312125
0.001277702600312125 0.001277702600312125 0.001277702600312125 0.001277702600312125 0.001277702600312125 0.001277702600312125 0.001277702600312125 0.001277702600312125 0.001277702600312125 0.001277702600312125
0.001277702600312125 0.001277702600312125 0.001277702600312125 0.001277702600312125 0.001277702600312125 0.001277702600312125 0.001277702600312125 0.001277702600312125 0.001277702600312125 0.001277702600312125
0.001277702600312125 0.001277702600312125 0.001277702600312125 0.001277702600312125 0.001277702600312125 0.001277702600312125 0.001277702600312125 0.001277702600312125 0.001277702600312125 0.001277702600312125
0.001277702600312125 0.001277702600312125 0.001277702600312125 0.001277702600312125 0.001277702600312125 0.001277702600312125 0.001277702600312125 0.001277702600312125 0.001277702600312125 0.001277702600312125
