nan nan nan nan nan nan nan nan nan nan
nan 0.06425593010122554 0.06425593010122554 0.06425593010122554 0.06425593010122554 0.06425593010122554 0.06425593010122554 0.06425593010122554 0.06425593010122554 0.06425593010122554
nan 0.06425593010122554 0.06425593010122554 0.06425593010122554 0.06425593010122554 0.06425593010122554 0.06425593010122554 0.06425593010122554 0.06425593010122554 0.06425593010122554
nan 0.06425593010122554 0.06425593010122554 0.06425593010122554 0.06425593010122554 0.06425593010122554 0.06425593010122554 0.06425593010122554 0.06425593010122554 0.06425593010122554
nan 0.06425593010122554 0.06425593010122554 0.06425593010122554 0.06425593010122554 0.06425593010122554 0.06425593010122554 0.06425593010122554 0.06425593010122554 0.06425593010122554
nan 0.06425593010122554 0.06425593010122554 0.06425593010122554 0.06425593010122554 0.06425593010122554 0.06425593010122554 0.06425593010122554 0.06425593010122554 0.06425593010122554
nan 0.06425593010122554 0.06425593010122554 0.06425593010122554 0.06425593010122554 0.06425593010122554 0.06425593010122554 0.06425593010122554 0.06425593010122554 0.06425593010122554
nan 0.06425593010122554 0.06425593010122554 0.06425593010122554 0.06425593010122554 0.06425593010122554 0.06425593010122554 0.06425593010122554 0.06425593010122554 0.06425593010122554
nan 0.06425593010122554 0.06425593010122554 0.06425593010122554 0.06425593010122554 0.06425593010122554 0.06425593010122554 0.06425593010122554 0.06425593010122554 0.06425593010122554
nan 0.06425593010122554 0.06425593010122554 0.06425593010122554 0.06425593010122554 0.06425593010122554 0.06425593010122554 0.06425593010122554 0.06425593010122554 0.06425593010122554
