1.7478176207674778e-05 1.7478176207674778e-05 1.7478176207674778e-05 1.7478176207674778e-05 1.7478176207674778e-05 1.7478176207674778e-05 1.7478176207674778e-05 1.7478176207674778e-05 1.7478176207674778e-05 1.7478176207674778e-05
1.7478176207674778e-05 1.7478176207674778e-05 1.7478176207674778e-05 1.7478176207674778e-05 1.7478176207674778e-05 1.7478176207674778e-05 1.7478176207674778e-05 1.7478176207674778e-05 1.7478176207674778e-05 1.7478176207674778e-05
1.7478176207674778e-05 1.7478176207674778e-05 1.7478176207674778e-05 1.7478176207674778e-05 1.7478176207674778e-05 1.7478176207674778e-05 1.7478176207674778e-05 1.7478176207674778e-05 1.7478176207674778e-05 1.7478176207674778e-05
1.7478176207674778e-05 1.7478176207674778e-05 1.7478176207674778e-05 1.7478176207674778e-05 1.7478176207674778e-05 1.7478176207674778e-05 1.7478176207674778e-05 1.7478176207674778e-05 1.7478176207674778e-05 1.7478176207674778e-05
1.7478176207674778e-05 1.7478176207674778e-05 1.7478176207674778e-05 1.7478176207674778e-05 1.7478176207674778e-05 1.7478176207674778e-05 1.7478176207674778e-05 1.7478176207674778e-05 1.7478176207674778e-05 1.7478176207674778e-05
1.7478176207674778e-05 1.7478176207674778e-05 1.7478176207674778e-05 1.7478176207674778e-05 1.7478176207674778e-05 1.7478176207674778e-05 1.7478176207674778e-05 1.7478176207674778e-05 1.7478176207674778e-05 1.7478176207674778e-05
1.7478176207674778e-05 1.7478176207674778e-05 1.7478176207674778e-05 1.7478176207674778e-05 1.7478176207674778e-05 1.7478176207674778e-05 1.7478176207674778e-05 1.7478176207674778e-05 1.7478176207674778e-05 1.7478176207674778e-05
1.7478176207674778e-05 1.7478176207674778e-05 1.7478176207674778e-05 1.7478176207674778e-05 1.7478176207674778e-05 1.7478176207674778e-05 1.7478176207674778e-05 1.7478176207674778e-05 1.7478176207674778e-05 1.7478176207674778e-05
1.7478176207674778e-05 1.7478176207674778e-05 1.7478176207674778e-05 1.7478176207674778e-05 1.7478176207674778e-05 1.7478176207674778e-05 1.7478176207674778e-05 1.7478176207674778e-05 1.7478176207674778e-05 1.7478176207674778e-05
1.7478176207674778e-05 1.7478176207674778e-05 1.7478176207674778e-05 1.7478176207674778e-05 1.7478176207674778e-05 1.7478176207674778e-05 1.7478176207674778e-05 1.7478176207674778e-05 1.7478176207674778e-05 1.7478176207674778e-05
