0.005941821108276457 0.005941821108276457 0.005941821108276457 0.005941821108276457 0.005941821108276457 0.005941821108276457 0.005941821108276457 0.005941821108276457 0.005941821108276457 0.005941821108276457
0.005941821108276457 0.005941821108276457 0.005941821108276457 0.005941821108276457 0.005941821108276457 0.005941821108276457 0.005941821108276457 0.005941821108276457 0.005941821108276457 0.005941821108276457
0.005941821108276457 0.005941821108276457 0.005941821108276457 0.005941821108276457 0.005941821108276457 0.005941821108276457 0.005941821108276457 0.005941821108276457 0.005941821108276457 0.005941821108276457
0.005941821108276457 0.005941821108276457 0.005941821108276457 0.005941821108276457 0.005941821108276457 0.005941821108276457 0.005941821108276457 0.005941821108276457 0.005941821108276457 0.005941821108276457
0.005941821108276457 0.005941821108276457 0.005941821108276457 0.005941821108276457 0.005941821108276457 0.005941821108276457 0.005941821108276457 0.005941821108276457 0.005941821108276457 0.005941821108276457
0.005941821108276457 0.005941821108276457 0.005941821108276457 0.005941821108276457 0.005941821108276457 0.005941821108276457 0.005941821108276457 0.005941821108276457 0.005941821108276457 0.005941821108276457
0.005941821108276457 0.005941821108276457 0.005941821108276457 0.005941821108276457 0.005941821108276457 0.005941821108276457 0.005941821108276457 0.005941821108276457 0.005941821108276457 0.005941821108276457
0.005941821108276457 0.005941821108276457 0.005941821108276457 0.005941821108276457 0.005941821108276457 0.005941821108276457 0.005941821108276457 0.005941821108276457 0.005941821108276457 0.005941821108276457
0.005941821108276457 0.005941821108276457 0.005941821108276457 0.005941821108276457 0.005941821108276457 0.005941821108276457 0.005941821108276457 0.005941821108276457 0.005941821108276457 0.005941821108276457
0.005941821108276457 0.005941821108276457 0.005941821108276457 0.005941821108276457 0.005941821108276457 0.005941821108276457 0.005941821108276457 0.005941821108276457 0.005941821108276457 0.005941821108276457
