nan nan nan nan nan nan nan nan nan nan
nan 2.390509454697548 2.390509454697548 2.390509454697548 2.390509454697548 2.390509454697548 nan nan nan nan
nan 2.390509454697548 2.390509454697548 2.390509454697548 2.390509454697548 2.390509454697548 nan nan nan nan
nan 2.390509454697548 2.390509454697548 2.390509454697548 2.390509454697548 2.390509454697548 nan nan nan nan
nan 2.390509454697548 2.390509454697548 2.390509454697548 2.390509454697548 2.390509454697548 nan nan nan nan
nan 2.390509454697548 2.390509454697548 2.390509454697548 2.390509454697548 2.390509454697548 nan nan nan nan
nan nan nan nan nan nan nan nan nan nan
nan nan nan nan nan nan nan nan nan nan
nan nan nan nan nan nan nan nan nan nan
nan nan nan nan nan nan nan nan nan nan
