6.28186694129707 0.8447456189823139 -1.9454266548682657 nan -2.408967559132817 -1.3312760883964305 nan 0.8099551240360903 1.0159688777411038 0.18259863413051036
0.8447456189823139 2.0787745355323297 1.84602300451672 nan 0.24346384089763617 -0.14915337418676344 nan 0.36252972077400614 0.6733224711933357 0.18878573561071832
-1.9454266548682657 1.84602300451672 2.9829449477008474 nan 1.6934048823285224 0.7809805455240202 nan 0.147694338194011 0.29430193388008874 0.2040341900052347
nan nan nan nan nan nan nan nan nan nan
-2.408967559132817 0.24346384089763617 1.6934048823285224 nan 2.0744878644525926 1.5299789782096411 nan 0.2217657493924321 -0.06556329674148031 0.19589613960205554
-1.3312760883964305 -0.14915337418676344 0.7809805455240202 nan 1.5299789782096411 1.3471046941965206 nan 0.3900068586141394 0.03623656553736154 0.16323402328123748
nan nan nan nan nan nan nan nan nan nan
0.8099551240360903 0.36252972077400614 0.147694338194011 nan 0.2217657493924321 0.3900068586141394 nan 0.616286602073604 0.49689763588777325 0.08843653465207169
1.0159688777411038 0.6733224711933357 0.29430193388008874 nan -0.06556329674148031 0.03623656553736154 nan 0.49689763588777325 0.5279914916755573 0.09374713683663671
0.18259863413051036 0.18878573561071832 0.2040341900052347 nan 0.19589613960205554 0.16323402328123748 nan 0.08843653465207169 0.09374713683663671 0.17491714713647255
