0.0036724197251523094 0.0036724197251523094 0.0036724197251523094 0.0036724197251523094 0.0036724197251523094 0.0036724197251523094 0.0036724197251523094 0.0036724197251523094 0.0036724197251523094 0.0036724197251523094
0.0036724197251523094 0.0036724197251523094 0.0036724197251523094 0.0036724197251523094 0.0036724197251523094 0.0036724197251523094 0.0036724197251523094 0.0036724197251523094 0.0036724197251523094 0.0036724197251523094
0.0036724197251523094 0.0036724197251523094 0.0036724197251523094 0.0036724197251523094 0.0036724197251523094 0.0036724197251523094 0.0036724197251523094 0.0036724197251523094 0.0036724197251523094 0.0036724197251523094
0.0036724197251523094 0.0036724197251523094 0.0036724197251523094 0.0036724197251523094 0.0036724197251523094 0.0036724197251523094 0.0036724197251523094 0.0036724197251523094 0.0036724197251523094 0.0036724197251523094
0.0036724197251523094 0.0036724197251523094 0.0036724197251523094 0.0036724197251523094 0.0036724197251523094 0.0036724197251523094 0.0036724197251523094 0.0036724197251523094 0.0036724197251523094 0.0036724197251523094
0.0036724197251523094 0.0036724197251523094 0.0036724197251523094 0.0036724197251523094 0.0036724197251523094 0.0036724197251523094 0.0036724197251523094 0.0036724197251523094 0.0036724197251523094 0.0036724197251523094
0.0036724197251523094 0.0036724197251523094 0.0036724197251523094 0.0036724197251523094 0.0036724197251523094 0.0036724197251523094 0.0036724197251523094 0.0036724197251523094 0.0036724197251523094 0.0036724197251523094
0.0036724197251523094 0.0036724197251523094 0.0036724197251523094 0.0036724197251523094 0.0036724197251523094 0.0036724197251523094 0.0036724197251523094 0.0036724197251523094 0.0036724197251523094 0.0036724197251523094
0.0036724197251523094 0.0036724197251523094 0.0036724197251523094 0.0036724197251523094 0.0036724197251523094 0.0036724197251523094 0.0036724197251523094 0.0036724197251523094 0.0036724197251523094 0.0036724197251523094
0.0036724197251523094 0.0036724197251523094 0.0036724197251523094 0.0036724197251523094 0.0036724197251523094 0.0036724197251523094 0.0036724197251523094 0.0036724197251523094 0.0036724197251523094 0.0036724197251523094
