0.21938477884849306 0.21938477884849306 0.21938477884849306 0.21938477884849306 0.21938477884849306 0.21938477884849306 0.21938477884849306 nan nan nan
0.21938477884849306 0.21938477884849306 0.21938477884849306 0.21938477884849306 0.21938477884849306 0.21938477884849306 0.21938477884849306 nan nan nan
0.21938477884849306 0.21938477884849306 0.21938477884849306 0.21938477884849306 0.21938477884849306 0.21938477884849306 0.21938477884849306 nan nan nan
0.21938477884849306 0.21938477884849306 0.21938477884849306 0.21938477884849306 0.21938477884849306 0.21938477884849306 0.21938477884849306 nan nan nan
0.21938477884849306 0.21938477884849306 0.21938477884849306 0.21938477884849306 0.21938477884849306 0.21938477884849306 0.21938477884849306 nan nan nan
0.21938477884849306 0.21938477884849306 0.21938477884849306 0.21938477884849306 0.21938477884849306 0.21938477884849306 0.21938477884849306 nan nan nan
0.21938477884849306 0.21938477884849306 0.21938477884849306 0.21938477884849306 0.21938477884849306 0.21938477884849306 0.21938477884849306 nan nan nan
nan nan nan nan nan nan nan nan nan nan
nan nan nan nan nan nan nan nan nan nan
nan nan nan nan nan nan nan nan nan nan
