0.006468392897541975 0.006468392897541975 0.006468392897541975 0.006468392897541975 0.006468392897541975 0.006468392897541975 0.006468392897541975 0.006468392897541975 0.006468392897541975 0.006468392897541975
0.006468392897541975 0.006468392897541975 0.006468392897541975 0.006468392897541975 0.006468392897541975 0.006468392897541975 0.006468392897541975 0.006468392897541975 0.006468392897541975 0.006468392897541975
0.006468392897541975 0.006468392897541975 0.006468392897541975 0.006468392897541975 0.006468392897541975 0.006468392897541975 0.006468392897541975 0.006468392897541975 0.006468392897541975 0.006468392897541975
0.006468392897541975 0.006468392897541975 0.006468392897541975 0.006468392897541975 0.006468392897541975 0.006468392897541975 0.006468392897541975 0.006468392897541975 0.006468392897541975 0.006468392897541975
0.006468392897541975 0.006468392897541975 0.006468392897541975 0.006468392897541975 0.006468392897541975 0.006468392897541975 0.006468392897541975 0.006468392897541975 0.006468392897541975 0.006468392897541975
0.006468392897541975 0.006468392897541975 0.006468392897541975 0.006468392897541975 0.006468392897541975 0.006468392897541975 0.006468392897541975 0.006468392897541975 0.006468392897541975 0.006468392897541975
0.006468392897541975 0.006468392897541975 0.006468392897541975 0.006468392897541975 0.006468392897541975 0.006468392897541975 0.006468392897541975 0.006468392897541975 0.006468392897541975 0.006468392897541975
0.006468392897541975 0.006468392897541975 0.006468392897541975 0.006468392897541975 0.006468392897541975 0.006468392897541975 0.006468392897541975 0.006468392897541975 0.006468392897541975 0.006468392897541975
0.006468392897541975 0.006468392897541975 0.006468392897541975 0.006468392897541975 0.006468392897541975 0.006468392897541975 0.006468392897541975 0.006468392897541975 0.006468392897541975 0.006468392897541975
0.006468392897541975 0.006468392897541975 0.006468392897541975 0.006468392897541975 0.006468392897541975 0.006468392897541975 0.006468392897541975 0.006468392897541975 0.006468392897541975 0.006468392897541975
