0.0030971540611943738 0.0030971540611943738 0.0030971540611943738 0.0030971540611943738 0.0030971540611943738 0.0030971540611943738 0.0030971540611943738 0.0030971540611943738 0.0030971540611943738 0.0030971540611943738
0.0030971540611943738 0.0030971540611943738 0.0030971540611943738 0.0030971540611943738 0.0030971540611943738 0.0030971540611943738 0.0030971540611943738 0.0030971540611943738 0.0030971540611943738 0.0030971540611943738
0.0030971540611943738 0.0030971540611943738 0.0030971540611943738 0.0030971540611943738 0.0030971540611943738 0.0030971540611943738 0.0030971540611943738 0.0030971540611943738 0.0030971540611943738 0.0030971540611943738
0.0030971540611943738 0.0030971540611943738 0.0030971540611943738 0.0030971540611943738 0.0030971540611943738 0.0030971540611943738 0.0030971540611943738 0.0030971540611943738 0.0030971540611943738 0.0030971540611943738
0.0030971540611943738 0.0030971540611943738 0.0030971540611943738 0.0030971540611943738 0.0030971540611943738 0.0030971540611943738 0.0030971540611943738 0.0030971540611943738 0.0030971540611943738 0.0030971540611943738
0.0030971540611943738 0.0030971540611943738 0.0030971540611943738 0.0030971540611943738 0.0030971540611943738 0.0030971540611943738 0.0030971540611943738 0.0030971540611943738 0.0030971540611943738 0.0030971540611943738
0.0030971540611943738 0.0030971540611943738 0.0030971540611943738 0.0030971540611943738 0.0030971540611943738 0.0030971540611943738 0.0030971540611943738 0.0030971540611943738 0.0030971540611943738 0.0030971540611943738
0.0030971540611943738 0.0030971540611943738 0.0030971540611943738 0.0030971540611943738 0.0030971540611943738 0.0030971540611943738 0.0030971540611943738 0.0030971540611943738 0.0030971540611943738 0.0030971540611943738
0.0030971540611943738 0.0030971540611943738 0.0030971540611943738 0.0030971540611943738 0.0030971540611943738 0.0030971540611943738 0.0030971540611943738 0.0030971540611943738 0.0030971540611943738 0.0030971540611943738
0.0030971540611943738 0.0030971540611943738 0.0030971540611943738 0.0030971540611943738 0.0030971540611943738 0.0030971540611943738 0.0030971540611943738 0.0030971540611943738 0.0030971540611943738 0.0030971540611943738
