nan nan nan nan nan nan nan nan nan nan
nan nan nan nan nan nan nan nan nan nan
nan nan 0.5998004213173438 0.5998004213173438 0.5998004213173438 0.5998004213173438 0.5998004213173438 0.5998004213173438 0.5998004213173438 0.5998004213173438
nan nan 0.5998004213173438 0.5998004213173438 0.5998004213173438 0.5998004213173438 0.5998004213173438 0.5998004213173438 0.5998004213173438 0.5998004213173438
nan nan 0.5998004213173438 0.5998004213173438 0.5998004213173438 0.5998004213173438 0.5998004213173438 0.5998004213173438 0.5998004213173438 0.5998004213173438
nan nan 0.5998004213173438 0.5998004213173438 0.5998004213173438 0.5998004213173438 0.5998004213173438 0.5998004213173438 0.5998004213173438 0.5998004213173438
nan nan 0.5998004213173438 0.5998004213173438 0.5998004213173438 0.5998004213173438 0.5998004213173438 0.5998004213173438 0.5998004213173438 0.5998004213173438
nan nan 0.5998004213173438 0.5998004213173438 0.5998004213173438 0.5998004213173438 0.5998004213173438 0.5998004213173438 0.5998004213173438 0.5998004213173438
nan nan 0.5998004213173438 0.5998004213173438 0.5998004213173438 0.5998004213173438 0.5998004213173438 0.5998004213173438 0.5998004213173438 0.5998004213173438
nan nan 0.5998004213173438 0.5998004213173438 0.5998004213173438 0.5998004213173438 0.5998004213173438 0.5998004213173438 0.5998004213173438 0.5998004213173438
