8.21788840521684 nan 5.708356257685297 nan 3.5269107877267163 2.5592205413393216 1.6735520332753162 0.8699047436783629 0.14827950438094462 -0.4913242806831182
nan nan nan nan nan nan nan nan nan nan
5.708356257685297 nan 4.027878918066885 nan 2.5463185747875796 1.8801322443679558 1.2636752434025027 0.6969471707066788 0.1799485760682309 -0.2873208549149098
nan nan nan nan nan nan nan nan nan nan
3.5269107877267163 nan 2.5463185747875796 nan 1.6661121973187392 1.2636536606556312 0.8862916567250281 0.5340259101116089 0.20685673552240402 -0.09521598518861296
2.5592205413393216 nan 1.8801322443679558 nan 1.2636536606556312 0.9788929780374644 0.7097847876178491 0.4563288795276321 0.21852546854500687 -0.0036254973761167264
1.6735520332753162 nan 1.2636752434025027 nan 0.8862916567250281 0.7097847876178491 0.5414012687262719 0.3811409575015894 0.22900398053420545 0.08499033052595806
0.8699047436783629 nan 0.6969471707066788 nan 0.5340259101116089 0.4563288795276321 0.3811409575015894 0.3084620705796759 0.23829226890538635 0.1706315685765709
0.14827950438094462 nan 0.1799485760682309 nan 0.20685673552240402 0.21852546854500687 0.22900398053420545 0.23829226890538635 0.24639031909631015 0.2532981492485824
-0.4913242806831182 nan -0.2873208549149098 nan -0.09521598518861296 -0.0036254973761167264 0.08499033052595806 0.1706315685765709 0.2532981492485824 0.33299007137565084
