0.001148957886528376 0.001148957886528376 0.001148957886528376 0.001148957886528376 0.001148957886528376 0.001148957886528376 0.001148957886528376 0.001148957886528376 0.001148957886528376 0.001148957886528376
0.001148957886528376 0.001148957886528376 0.001148957886528376 0.001148957886528376 0.001148957886528376 0.001148957886528376 0.001148957886528376 0.001148957886528376 0.001148957886528376 0.001148957886528376
0.001148957886528376 0.001148957886528376 0.001148957886528376 0.001148957886528376 0.001148957886528376 0.001148957886528376 0.001148957886528376 0.001148957886528376 0.001148957886528376 0.001148957886528376
0.001148957886528376 0.001148957886528376 0.001148957886528376 0.001148957886528376 0.001148957886528376 0.001148957886528376 0.001148957886528376 0.001148957886528376 0.001148957886528376 0.001148957886528376
0.001148957886528376 0.001148957886528376 0.001148957886528376 0.001148957886528376 0.001148957886528376 0.001148957886528376 0.001148957886528376 0.001148957886528376 0.001148957886528376 0.001148957886528376
0.001148957886528376 0.001148957886528376 0.001148957886528376 0.001148957886528376 0.001148957886528376 0.001148957886528376 0.001148957886528376 0.001148957886528376 0.001148957886528376 0.001148957886528376
0.001148957886528376 0.001148957886528376 0.001148957886528376 0.001148957886528376 0.001148957886528376 0.001148957886528376 0.001148957886528376 0.001148957886528376 0.001148957886528376 0.001148957886528376
0.001148957886528376 0.001148957886528376 0.001148957886528376 0.001148957886528376 0.001148957886528376 0.001148957886528376 0.001148957886528376 0.001148957886528376 0.001148957886528376 0.001148957886528376
0.001148957886528376 0.001148957886528376 0.001148957886528376 0.001148957886528376 0.001148957886528376 0.001148957886528376 0.001148957886528376 0.001148957886528376 0.001148957886528376 0.001148957886528376
0.001148957886528376 0.001148957886528376 0.001148957886528376 0.001148957886528376 0.001148957886528376 0.001148957886528376 0.001148957886528376 0.001148957886528376 0.001148957886528376 0.001148957886528376
