0.0017488676083913862 0.0017488676083913862 0.0017488676083913862 0.0017488676083913862 0.0017488676083913862 0.0017488676083913862 0.0017488676083913862 0.0017488676083913862 0.0017488676083913862 0.0017488676083913862 0.0017488676083913862 0.0017488676083913862
0.0017488676083913862 0.0017488676083913862 0.0017488676083913862 0.0017488676083913862 0.0017488676083913862 0.0017488676083913862 0.0017488676083913862 0.0017488676083913862 0.0017488676083913862 0.0017488676083913862 0.0017488676083913862 0.0017488676083913862
0.0017488676083913862 0.0017488676083913862 0.0017488676083913862 0.0017488676083913862 0.0017488676083913862 0.0017488676083913862 0.0017488676083913862 0.0017488676083913862 0.0017488676083913862 0.0017488676083913862 0.0017488676083913862 0.0017488676083913862
0.0017488676083913862 0.0017488676083913862 0.0017488676083913862 0.0017488676083913862 0.0017488676083913862 0.0017488676083913862 0.0017488676083913862 0.0017488676083913862 0.0017488676083913862 0.0017488676083913862 0.0017488676083913862 0.0017488676083913862
0.0017488676083913862 0.0017488676083913862 0.0017488676083913862 0.0017488676083913862 0.0017488676083913862 0.0017488676083913862 0.0017488676083913862 0.0017488676083913862 0.0017488676083913862 0.0017488676083913862 0.0017488676083913862 0.0017488676083913862
0.0017488676083913862 0.0017488676083913862 0.0017488676083913862 0.0017488676083913862 0.0017488676083913862 0.0017488676083913862 0.0017488676083913862 0.0017488676083913862 0.0017488676083913862 0.0017488676083913862 0.0017488676083913862 0.0017488676083913862
0.0017488676083913862 0.0017488676083913862 0.0017488676083913862 0.0017488676083913862 0.0017488676083913862 0.0017488676083913862 0.0017488676083913862 0.0017488676083913862 0.0017488676083913862 0.0017488676083913862 0.0017488676083913862 0.0017488676083913862
0.0017488676083913862 0.0017488676083913862 0.0017488676083913862 0.0017488676083913862 0.0017488676083913862 0.0017488676083913862 0.0017488676083913862 0.0017488676083913862 0.0017488676083913862 0.0017488676083913862 0.0017488676083913862 0.0017488676083913862
0.0017488676083913862 0.0017488676083913862 0.0017488676083913862 0.0017488676083913862 0.0017488676083913862 0.0017488676083913862 0.0017488676083913862 0.0017488676083913862 0.0017488676083913862 0.0017488676083913862 0.0017488676083913862 0.0017488676083913862
0.0017488676083913862 0.0017488676083913862 0.0017488676083913862 0.0017488676083913862 0.0017488676083913862 0.0017488676083913862 0.0017488676083913862 0.0017488676083913862 0.0017488676083913862 0.0017488676083913862 0.0017488676083913862 0.0017488676083913862
0.0017488676083913862 0.0017488676083913862 0.0017488676083913862 0.0017488676083913862 0.0017488676083913862 0.0017488676083913862 0.0017488676083913862 0.0017488676083913862 0.0017488676083913862 0.0017488676083913862 0.0017488676083913862 0.0017488676083913862
0.0017488676083913862 0.0017488676083913862 0.0017488676083913862 0.0017488676083913862 0.0017488676083913862 0.0017488676083913862 0.0017488676083913862 0.0017488676083913862 0.0017488676083913862 0.0017488676083913862 0.0017488676083913862 0.0017488676083913862
