0.0012785635673623816 0.0012785635673623816 0.0012785635673623816 0.0012785635673623816 0.0012785635673623816 0.0012785635673623816 0.0012785635673623816 0.0012785635673623816 0.0012785635673623816 0.0012785635673623816
0.0012785635673623816 0.0012785635673623816 0.0012785635673623816 0.0012785635673623816 0.0012785635673623816 0.0012785635673623816 0.0012785635673623816 0.0012785635673623816 0.0012785635673623816 0.0012785635673623816
0.0012785635673623816 0.0012785635673623816 0.0012785635673623816 0.0012785635673623816 0.0012785635673623816 0.0012785635673623816 0.0012785635673623816 0.0012785635673623816 0.0012785635673623816 0.0012785635673623816
0.0012785635673623816 0.0012785635673623816 0.0012785635673623816 0.0012785635673623816 0.0012785635673623816 0.0012785635673623816 0.0012785635673623816 0.0012785635673623816 0.0012785635673623816 0.0012785635673623816
0.0012785635673623816 0.0012785635673623816 0.0012785635673623816 0.0012785635673623816 0.0012785635673623816 0.0012785635673623816 0.0012785635673623816 0.0012785635673623816 0.0012785635673623816 0.0012785635673623816
0.0012785635673623816 0.0012785635673623816 0.0012785635673623816 0.0012785635673623816 0.0012785635673623816 0.0012785635673623816 0.0012785635673623816 0.0012785635673623816 0.0012785635673623816 0.0012785635673623816
0.0012785635673623816 0.0012785635673623816 0.0012785635673623816 0.0012785635673623816 0.0012785635673623816 0.0012785635673623816 0.0012785635673623816 0.0012785635673623816 0.0012785635673623816 0.0012785635673623816
0.0012785635673623816 0.0012785635673623816 0.0012785635673623816 0.0012785635673623816 0.0012785635673623816 0.0012785635673623816 0.0012785635673623816 0.0012785635673623816 0.0012785635673623816 0.0012785635673623816
0.0012785635673623816 0.0012785635673623816 0.0012785635673623816 0.0012785635673623816 0.0012785635673623816 0.0012785635673623816 0.0012785635673623816 0.0012785635673623816 0.0012785635673623816 0.0012785635673623816
0.0012785635673623816 0.0012785635673623816 0.0012785635673623816 0.0012785635673623816 0.0012785635673623816 0.0012785635673623816 0.0012785635673623816 0.0012785635673623816 0.0012785635673623816 0.0012785635673623816
