0.0012035854914642556 0.0012035854914642556 0.0012035854914642556 0.0012035854914642556 0.0012035854914642556 0.0012035854914642556 0.0012035854914642556 0.0012035854914642556 0.0012035854914642556 0.0012035854914642556
0.0012035854914642556 0.0012035854914642556 0.0012035854914642556 0.0012035854914642556 0.0012035854914642556 0.0012035854914642556 0.0012035854914642556 0.0012035854914642556 0.0012035854914642556 0.0012035854914642556
0.0012035854914642556 0.0012035854914642556 0.0012035854914642556 0.0012035854914642556 0.0012035854914642556 0.0012035854914642556 0.0012035854914642556 0.0012035854914642556 0.0012035854914642556 0.0012035854914642556
0.0012035854914642556 0.0012035854914642556 0.0012035854914642556 0.0012035854914642556 0.0012035854914642556 0.0012035854914642556 0.0012035854914642556 0.0012035854914642556 0.0012035854914642556 0.0012035854914642556
0.0012035854914642556 0.0012035854914642556 0.0012035854914642556 0.0012035854914642556 0.0012035854914642556 0.0012035854914642556 0.0012035854914642556 0.0012035854914642556 0.0012035854914642556 0.0012035854914642556
0.0012035854914642556 0.0012035854914642556 0.0012035854914642556 0.0012035854914642556 0.0012035854914642556 0.0012035854914642556 0.0012035854914642556 0.0012035854914642556 0.0012035854914642556 0.0012035854914642556
0.0012035854914642556 0.0012035854914642556 0.0012035854914642556 0.0012035854914642556 0.0012035854914642556 0.0012035854914642556 0.0012035854914642556 0.0012035854914642556 0.0012035854914642556 0.0012035854914642556
0.0012035854914642556 0.0012035854914642556 0.0012035854914642556 0.0012035854914642556 0.0012035854914642556 0.0012035854914642556 0.0012035854914642556 0.0012035854914642556 0.0012035854914642556 0.0012035854914642556
0.0012035854914642556 0.0012035854914642556 0.0012035854914642556 0.0012035854914642556 0.0012035854914642556 0.0012035854914642556 0.0012035854914642556 0.0012035854914642556 0.0012035854914642556 0.0012035854914642556
0.0012035854914642556 0.0012035854914642556 0.0012035854914642556 0.0012035854914642556 0.0012035854914642556 0.0012035854914642556 0.0012035854914642556 0.0012035854914642556 0.0012035854914642556 0.0012035854914642556
