0.001377453584766401 0.001377453584766401 0.001377453584766401 0.001377453584766401 0.001377453584766401 0.001377453584766401 0.001377453584766401 0.001377453584766401 0.001377453584766401 0.001377453584766401
0.001377453584766401 0.001377453584766401 0.001377453584766401 0.001377453584766401 0.001377453584766401 0.001377453584766401 0.001377453584766401 0.001377453584766401 0.001377453584766401 0.001377453584766401
0.001377453584766401 0.001377453584766401 0.001377453584766401 0.001377453584766401 0.001377453584766401 0.001377453584766401 0.001377453584766401 0.001377453584766401 0.001377453584766401 0.001377453584766401
0.001377453584766401 0.001377453584766401 0.001377453584766401 0.001377453584766401 0.001377453584766401 0.001377453584766401 0.001377453584766401 0.001377453584766401 0.001377453584766401 0.001377453584766401
0.001377453584766401 0.001377453584766401 0.001377453584766401 0.001377453584766401 0.001377453584766401 0.001377453584766401 0.001377453584766401 0.001377453584766401 0.001377453584766401 0.001377453584766401
0.001377453584766401 0.001377453584766401 0.001377453584766401 0.001377453584766401 0.001377453584766401 0.001377453584766401 0.001377453584766401 0.001377453584766401 0.001377453584766401 0.001377453584766401
0.001377453584766401 0.001377453584766401 0.001377453584766401 0.001377453584766401 0.001377453584766401 0.001377453584766401 0.001377453584766401 0.001377453584766401 0.001377453584766401 0.001377453584766401
0.001377453584766401 0.001377453584766401 0.001377453584766401 0.001377453584766401 0.001377453584766401 0.001377453584766401 0.001377453584766401 0.001377453584766401 0.001377453584766401 0.001377453584766401
0.001377453584766401 0.001377453584766401 0.001377453584766401 0.001377453584766401 0.001377453584766401 0.001377453584766401 0.001377453584766401 0.001377453584766401 0.001377453584766401 0.001377453584766401
0.001377453584766401 0.001377453584766401 0.001377453584766401 0.001377453584766401 0.001377453584766401 0.001377453584766401 0.001377453584766401 0.001377453584766401 0.001377453584766401 0.001377453584766401
