0.0019179056286537553 0.0019179056286537553 0.0019179056286537553 0.0019179056286537553 0.0019179056286537553 0.0019179056286537553 0.0019179056286537553 0.0019179056286537553 0.0019179056286537553 0.0019179056286537553
0.0019179056286537553 0.0019179056286537553 0.0019179056286537553 0.0019179056286537553 0.0019179056286537553 0.0019179056286537553 0.0019179056286537553 0.0019179056286537553 0.0019179056286537553 0.0019179056286537553
0.0019179056286537553 0.0019179056286537553 0.0019179056286537553 0.0019179056286537553 0.0019179056286537553 0.0019179056286537553 0.0019179056286537553 0.0019179056286537553 0.0019179056286537553 0.0019179056286537553
0.0019179056286537553 0.0019179056286537553 0.0019179056286537553 0.0019179056286537553 0.0019179056286537553 0.0019179056286537553 0.0019179056286537553 0.0019179056286537553 0.0019179056286537553 0.0019179056286537553
0.0019179056286537553 0.0019179056286537553 0.0019179056286537553 0.0019179056286537553 0.0019179056286537553 0.0019179056286537553 0.0019179056286537553 0.0019179056286537553 0.0019179056286537553 0.0019179056286537553
0.0019179056286537553 0.0019179056286537553 0.0019179056286537553 0.0019179056286537553 0.0019179056286537553 0.0019179056286537553 0.0019179056286537553 0.0019179056286537553 0.0019179056286537553 0.0019179056286537553
0.0019179056286537553 0.0019179056286537553 0.0019179056286537553 0.0019179056286537553 0.0019179056286537553 0.0019179056286537553 0.0019179056286537553 0.0019179056286537553 0.0019179056286537553 0.0019179056286537553
0.0019179056286537553 0.0019179056286537553 0.0019179056286537553 0.0019179056286537553 0.0019179056286537553 0.0019179056286537553 0.0019179056286537553 0.0019179056286537553 0.0019179056286537553 0.0019179056286537553
0.0019179056286537553 0.0019179056286537553 0.0019179056286537553 0.0019179056286537553 0.0019179056286537553 0.0019179056286537553 0.0019179056286537553 0.0019179056286537553 0.0019179056286537553 0.0019179056286537553
0.0019179056286537553 0.0019179056286537553 0.0019179056286537553 0.0019179056286537553 0.0019179056286537553 0.0019179056286537553 0.0019179056286537553 0.0019179056286537553 0.0019179056286537553 0.0019179056286537553
