0.0045912937260338595 0.0045912937260338595 0.0045912937260338595 0.0045912937260338595 0.0045912937260338595 0.0045912937260338595 0.0045912937260338595 0.0045912937260338595 0.0045912937260338595 0.0045912937260338595
0.0045912937260338595 0.0045912937260338595 0.0045912937260338595 0.0045912937260338595 0.0045912937260338595 0.0045912937260338595 0.0045912937260338595 0.0045912937260338595 0.0045912937260338595 0.0045912937260338595
0.0045912937260338595 0.0045912937260338595 0.0045912937260338595 0.0045912937260338595 0.0045912937260338595 0.0045912937260338595 0.0045912937260338595 0.0045912937260338595 0.0045912937260338595 0.0045912937260338595
0.0045912937260338595 0.0045912937260338595 0.0045912937260338595 0.0045912937260338595 0.0045912937260338595 0.0045912937260338595 0.0045912937260338595 0.0045912937260338595 0.0045912937260338595 0.0045912937260338595
0.0045912937260338595 0.0045912937260338595 0.0045912937260338595 0.0045912937260338595 0.0045912937260338595 0.0045912937260338595 0.0045912937260338595 0.0045912937260338595 0.0045912937260338595 0.0045912937260338595
0.0045912937260338595 0.0045912937260338595 0.0045912937260338595 0.0045912937260338595 0.0045912937260338595 0.0045912937260338595 0.0045912937260338595 0.0045912937260338595 0.0045912937260338595 0.0045912937260338595
0.0045912937260338595 0.0045912937260338595 0.0045912937260338595 0.0045912937260338595 0.0045912937260338595 0.0045912937260338595 0.0045912937260338595 0.0045912937260338595 0.0045912937260338595 0.0045912937260338595
0.0045912937260338595 0.0045912937260338595 0.0045912937260338595 0.0045912937260338595 0.0045912937260338595 0.0045912937260338595 0.0045912937260338595 0.0045912937260338595 0.0045912937260338595 0.0045912937260338595
0.0045912937260338595 0.0045912937260338595 0.0045912937260338595 0.0045912937260338595 0.0045912937260338595 0.0045912937260338595 0.0045912937260338595 0.0045912937260338595 0.0045912937260338595 0.0045912937260338595
0.0045912937260338595 0.0045912937260338595 0.0045912937260338595 0.0045912937260338595 0.0045912937260338595 0.0045912937260338595 0.0045912937260338595 0.0045912937260338595 0.0045912937260338595 0.0045912937260338595
