0.0013647760185462525 0.0013647760185462525 0.0013647760185462525 0.0013647760185462525 0.0013647760185462525 0.0013647760185462525 0.0013647760185462525 0.0013647760185462525 0.0013647760185462525 0.0013647760185462525
0.0013647760185462525 0.0013647760185462525 0.0013647760185462525 0.0013647760185462525 0.0013647760185462525 0.0013647760185462525 0.0013647760185462525 0.0013647760185462525 0.0013647760185462525 0.0013647760185462525
0.0013647760185462525 0.0013647760185462525 0.0013647760185462525 0.0013647760185462525 0.0013647760185462525 0.0013647760185462525 0.0013647760185462525 0.0013647760185462525 0.0013647760185462525 0.0013647760185462525
0.0013647760185462525 0.0013647760185462525 0.0013647760185462525 0.0013647760185462525 0.0013647760185462525 0.0013647760185462525 0.0013647760185462525 0.0013647760185462525 0.0013647760185462525 0.0013647760185462525
0.0013647760185462525 0.0013647760185462525 0.0013647760185462525 0.0013647760185462525 0.0013647760185462525 0.0013647760185462525 0.0013647760185462525 0.0013647760185462525 0.0013647760185462525 0.0013647760185462525
0.0013647760185462525 0.0013647760185462525 0.0013647760185462525 0.0013647760185462525 0.0013647760185462525 0.0013647760185462525 0.0013647760185462525 0.0013647760185462525 0.0013647760185462525 0.0013647760185462525
0.0013647760185462525 0.0013647760185462525 0.0013647760185462525 0.0013647760185462525 0.0013647760185462525 0.0013647760185462525 0.0013647760185462525 0.0013647760185462525 0.0013647760185462525 0.0013647760185462525
0.0013647760185462525 0.0013647760185462525 0.0013647760185462525 0.0013647760185462525 0.0013647760185462525 0.0013647760185462525 0.0013647760185462525 0.0013647760185462525 0.0013647760185462525 0.0013647760185462525
0.0013647760185462525 0.0013647760185462525 0.0013647760185462525 0.0013647760185462525 0.0013647760185462525 0.0013647760185462525 0.0013647760185462525 0.0013647760185462525 0.0013647760185462525 0.0013647760185462525
0.0013647760185462525 0.0013647760185462525 0.0013647760185462525 0.0013647760185462525 0.0013647760185462525 0.0013647760185462525 0.0013647760185462525 0.0013647760185462525 0.0013647760185462525 0.0013647760185462525
