0.0012900443954535499 0.0012900443954535499 0.0012900443954535499 0.0012900443954535499 0.0012900443954535499 0.0012900443954535499 0.0012900443954535499 0.0012900443954535499 0.0012900443954535499 0.0012900443954535499
0.0012900443954535499 0.0012900443954535499 0.0012900443954535499 0.0012900443954535499 0.0012900443954535499 0.0012900443954535499 0.0012900443954535499 0.0012900443954535499 0.0012900443954535499 0.0012900443954535499
0.0012900443954535499 0.0012900443954535499 0.0012900443954535499 0.0012900443954535499 0.0012900443954535499 0.0012900443954535499 0.0012900443954535499 0.0012900443954535499 0.0012900443954535499 0.0012900443954535499
0.0012900443954535499 0.0012900443954535499 0.0012900443954535499 0.0012900443954535499 0.0012900443954535499 0.0012900443954535499 0.0012900443954535499 0.0012900443954535499 0.0012900443954535499 0.0012900443954535499
0.0012900443954535499 0.0012900443954535499 0.0012900443954535499 0.0012900443954535499 0.0012900443954535499 0.0012900443954535499 0.0012900443954535499 0.0012900443954535499 0.0012900443954535499 0.0012900443954535499
0.0012900443954535499 0.0012900443954535499 0.0012900443954535499 0.0012900443954535499 0.0012900443954535499 0.0012900443954535499 0.0012900443954535499 0.0012900443954535499 0.0012900443954535499 0.0012900443954535499
0.0012900443954535499 0.0012900443954535499 0.0012900443954535499 0.0012900443954535499 0.0012900443954535499 0.0012900443954535499 0.0012900443954535499 0.0012900443954535499 0.0012900443954535499 0.0012900443954535499
0.0012900443954535499 0.0012900443954535499 0.0012900443954535499 0.0012900443954535499 0.0012900443954535499 0.0012900443954535499 0.0012900443954535499 0.0012900443954535499 0.0012900443954535499 0.0012900443954535499
0.0012900443954535499 0.0012900443954535499 0.0012900443954535499 0.0012900443954535499 0.0012900443954535499 0.0012900443954535499 0.0012900443954535499 0.0012900443954535499 0.0012900443954535499 0.0012900443954535499
0.0012900443954535499 0.0012900443954535499 0.0012900443954535499 0.0012900443954535499 0.0012900443954535499 0.0012900443954535499 0.0012900443954535499 0.0012900443954535499 0.0012900443954535499 0.0012900443954535499
