0.0025875860962641765 0.0025875860962641765 0.0025875860962641765 0.0025875860962641765 0.0025875860962641765 0.0025875860962641765 0.0025875860962641765 0.0025875860962641765 0.0025875860962641765 0.0025875860962641765
0.0025875860962641765 0.0025875860962641765 0.0025875860962641765 0.0025875860962641765 0.0025875860962641765 0.0025875860962641765 0.0025875860962641765 0.0025875860962641765 0.0025875860962641765 0.0025875860962641765
0.0025875860962641765 0.0025875860962641765 0.0025875860962641765 0.0025875860962641765 0.0025875860962641765 0.0025875860962641765 0.0025875860962641765 0.0025875860962641765 0.0025875860962641765 0.0025875860962641765
0.0025875860962641765 0.0025875860962641765 0.0025875860962641765 0.0025875860962641765 0.0025875860962641765 0.0025875860962641765 0.0025875860962641765 0.0025875860962641765 0.0025875860962641765 0.0025875860962641765
0.0025875860962641765 0.0025875860962641765 0.0025875860962641765 0.0025875860962641765 0.0025875860962641765 0.0025875860962641765 0.0025875860962641765 0.0025875860962641765 0.0025875860962641765 0.0025875860962641765
0.0025875860962641765 0.0025875860962641765 0.0025875860962641765 0.0025875860962641765 0.0025875860962641765 0.0025875860962641765 0.0025875860962641765 0.0025875860962641765 0.0025875860962641765 0.0025875860962641765
0.0025875860962641765 0.0025875860962641765 0.0025875860962641765 0.0025875860962641765 0.0025875860962641765 0.0025875860962641765 0.0025875860962641765 0.0025875860962641765 0.0025875860962641765 0.0025875860962641765
0.0025875860962641765 0.0025875860962641765 0.0025875860962641765 0.0025875860962641765 0.0025875860962641765 0.0025875860962641765 0.0025875860962641765 0.0025875860962641765 0.0025875860962641765 0.0025875860962641765
0.0025875860962641765 0.0025875860962641765 0.0025875860962641765 0.0025875860962641765 0.0025875860962641765 0.0025875860962641765 0.0025875860962641765 0.0025875860962641765 0.0025875860962641765 0.0025875860962641765
0.0025875860962641765 0.0025875860962641765 0.0025875860962641765 0.0025875860962641765 0.0025875860962641765 0.0025875860962641765 0.0025875860962641765 0.0025875860962641765 0.0025875860962641765 0.0025875860962641765
