0.002414802583617396 0.002414802583617396 0.002414802583617396 0.002414802583617396 0.002414802583617396 0.002414802583617396 0.002414802583617396 0.002414802583617396 0.002414802583617396 0.002414802583617396
0.002414802583617396 0.002414802583617396 0.002414802583617396 0.002414802583617396 0.002414802583617396 0.002414802583617396 0.002414802583617396 0.002414802583617396 0.002414802583617396 0.002414802583617396
0.002414802583617396 0.002414802583617396 0.002414802583617396 0.002414802583617396 0.002414802583617396 0.002414802583617396 0.002414802583617396 0.002414802583617396 0.002414802583617396 0.002414802583617396
0.002414802583617396 0.002414802583617396 0.002414802583617396 0.002414802583617396 0.002414802583617396 0.002414802583617396 0.002414802583617396 0.002414802583617396 0.002414802583617396 0.002414802583617396
0.002414802583617396 0.002414802583617396 0.002414802583617396 0.002414802583617396 0.002414802583617396 0.002414802583617396 0.002414802583617396 0.002414802583617396 0.002414802583617396 0.002414802583617396
0.002414802583617396 0.002414802583617396 0.002414802583617396 0.002414802583617396 0.002414802583617396 0.002414802583617396 0.002414802583617396 0.002414802583617396 0.002414802583617396 0.002414802583617396
0.002414802583617396 0.002414802583617396 0.002414802583617396 0.002414802583617396 0.002414802583617396 0.002414802583617396 0.002414802583617396 0.002414802583617396 0.002414802583617396 0.002414802583617396
0.002414802583617396 0.002414802583617396 0.002414802583617396 0.002414802583617396 0.002414802583617396 0.002414802583617396 0.002414802583617396 0.002414802583617396 0.002414802583617396 0.002414802583617396
0.002414802583617396 0.002414802583617396 0.002414802583617396 0.002414802583617396 0.002414802583617396 0.002414802583617396 0.002414802583617396 0.002414802583617396 0.002414802583617396 0.002414802583617396
0.002414802583617396 0.002414802583617396 0.002414802583617396 0.002414802583617396 0.002414802583617396 0.002414802583617396 0.002414802583617396 0.002414802583617396 0.002414802583617396 0.002414802583617396
