0.0013003730571536482 0.0013003730571536482 0.0013003730571536482 0.0013003730571536482 0.0013003730571536482 0.0013003730571536482 0.0013003730571536482 0.0013003730571536482 0.0013003730571536482 0.0013003730571536482
0.0013003730571536482 0.0013003730571536482 0.0013003730571536482 0.0013003730571536482 0.0013003730571536482 0.0013003730571536482 0.0013003730571536482 0.0013003730571536482 0.0013003730571536482 0.0013003730571536482
0.0013003730571536482 0.0013003730571536482 0.0013003730571536482 0.0013003730571536482 0.0013003730571536482 0.0013003730571536482 0.0013003730571536482 0.0013003730571536482 0.0013003730571536482 0.0013003730571536482
0.0013003730571536482 0.0013003730571536482 0.0013003730571536482 0.0013003730571536482 0.0013003730571536482 0.0013003730571536482 0.0013003730571536482 0.0013003730571536482 0.0013003730571536482 0.0013003730571536482
0.0013003730571536482 0.0013003730571536482 0.0013003730571536482 0.0013003730571536482 0.0013003730571536482 0.0013003730571536482 0.0013003730571536482 0.0013003730571536482 0.0013003730571536482 0.0013003730571536482
0.0013003730571536482 0.0013003730571536482 0.0013003730571536482 0.0013003730571536482 0.0013003730571536482 0.0013003730571536482 0.0013003730571536482 0.0013003730571536482 0.0013003730571536482 0.0013003730571536482
0.0013003730571536482 0.0013003730571536482 0.0013003730571536482 0.0013003730571536482 0.0013003730571536482 0.0013003730571536482 0.0013003730571536482 0.0013003730571536482 0.0013003730571536482 0.0013003730571536482
0.0013003730571536482 0.0013003730571536482 0.0013003730571536482 0.0013003730571536482 0.0013003730571536482 0.0013003730571536482 0.0013003730571536482 0.0013003730571536482 0.0013003730571536482 0.0013003730571536482
0.0013003730571536482 0.0013003730571536482 0.0013003730571536482 0.0013003730571536482 0.0013003730571536482 0.0013003730571536482 0.0013003730571536482 0.0013003730571536482 0.0013003730571536482 0.0013003730571536482
0.0013003730571536482 0.0013003730571536482 0.0013003730571536482 0.0013003730571536482 0.0013003730571536482 0.0013003730571536482 0.0013003730571536482 0.0013003730571536482 0.0013003730571536482 0.0013003730571536482
