0.0031326616667162344 0.0031326616667162344 0.0031326616667162344 0.0031326616667162344 0.0031326616667162344 0.0031326616667162344 0.0031326616667162344 0.0031326616667162344 0.0031326616667162344 0.0031326616667162344
0.0031326616667162344 0.0031326616667162344 0.0031326616667162344 0.0031326616667162344 0.0031326616667162344 0.0031326616667162344 0.0031326616667162344 0.0031326616667162344 0.0031326616667162344 0.0031326616667162344
0.0031326616667162344 0.0031326616667162344 0.0031326616667162344 0.0031326616667162344 0.0031326616667162344 0.0031326616667162344 0.0031326616667162344 0.0031326616667162344 0.0031326616667162344 0.0031326616667162344
0.0031326616667162344 0.0031326616667162344 0.0031326616667162344 0.0031326616667162344 0.0031326616667162344 0.0031326616667162344 0.0031326616667162344 0.0031326616667162344 0.0031326616667162344 0.0031326616667162344
0.0031326616667162344 0.0031326616667162344 0.0031326616667162344 0.0031326616667162344 0.0031326616667162344 0.0031326616667162344 0.0031326616667162344 0.0031326616667162344 0.0031326616667162344 0.0031326616667162344
0.0031326616667162344 0.0031326616667162344 0.0031326616667162344 0.0031326616667162344 0.0031326616667162344 0.0031326616667162344 0.0031326616667162344 0.0031326616667162344 0.0031326616667162344 0.0031326616667162344
0.0031326616667162344 0.0031326616667162344 0.0031326616667162344 0.0031326616667162344 0.0031326616667162344 0.0031326616667162344 0.0031326616667162344 0.0031326616667162344 0.0031326616667162344 0.0031326616667162344
0.0031326616667162344 0.0031326616667162344 0.0031326616667162344 0.0031326616667162344 0.0031326616667162344 0.0031326616667162344 0.0031326616667162344 0.0031326616667162344 0.0031326616667162344 0.0031326616667162344
0.0031326616667162344 0.0031326616667162344 0.0031326616667162344 0.0031326616667162344 0.0031326616667162344 0.0031326616667162344 0.0031326616667162344 0.0031326616667162344 0.0031326616667162344 0.0031326616667162344
0.0031326616667162344 0.0031326616667162344 0.0031326616667162344 0.0031326616667162344 0.0031326616667162344 0.0031326616667162344 0.0031326616667162344 0.0031326616667162344 0.0031326616667162344 0.0031326616667162344
