0.0017528437146513262 0.0017528437146513262 0.0017528437146513262 0.0017528437146513262 0.0017528437146513262 0.0017528437146513262 0.0017528437146513262 0.0017528437146513262 0.0017528437146513262 0.0017528437146513262
0.0017528437146513262 0.0017528437146513262 0.0017528437146513262 0.0017528437146513262 0.0017528437146513262 0.0017528437146513262 0.0017528437146513262 0.0017528437146513262 0.0017528437146513262 0.0017528437146513262
0.0017528437146513262 0.0017528437146513262 0.0017528437146513262 0.0017528437146513262 0.0017528437146513262 0.0017528437146513262 0.0017528437146513262 0.0017528437146513262 0.0017528437146513262 0.0017528437146513262
0.0017528437146513262 0.0017528437146513262 0.0017528437146513262 0.0017528437146513262 0.0017528437146513262 0.0017528437146513262 0.0017528437146513262 0.0017528437146513262 0.0017528437146513262 0.0017528437146513262
0.0017528437146513262 0.0017528437146513262 0.0017528437146513262 0.0017528437146513262 0.0017528437146513262 0.0017528437146513262 0.0017528437146513262 0.0017528437146513262 0.0017528437146513262 0.0017528437146513262
0.0017528437146513262 0.0017528437146513262 0.0017528437146513262 0.0017528437146513262 0.0017528437146513262 0.0017528437146513262 0.0017528437146513262 0.0017528437146513262 0.0017528437146513262 0.0017528437146513262
0.0017528437146513262 0.0017528437146513262 0.0017528437146513262 0.0017528437146513262 0.0017528437146513262 0.0017528437146513262 0.0017528437146513262 0.0017528437146513262 0.0017528437146513262 0.0017528437146513262
0.0017528437146513262 0.0017528437146513262 0.0017528437146513262 0.0017528437146513262 0.0017528437146513262 0.0017528437146513262 0.0017528437146513262 0.0017528437146513262 0.0017528437146513262 0.0017528437146513262
0.0017528437146513262 0.0017528437146513262 0.0017528437146513262 0.0017528437146513262 0.0017528437146513262 0.0017528437146513262 0.0017528437146513262 0.0017528437146513262 0.0017528437146513262 0.0017528437146513262
0.0017528437146513262 0.0017528437146513262 0.0017528437146513262 0.0017528437146513262 0.0017528437146513262 0.0017528437146513262 0.0017528437146513262 0.0017528437146513262 0.0017528437146513262 0.0017528437146513262
