0.0014965668128993632 0.0014965668128993632 0.0014965668128993632 0.0014965668128993632 0.0014965668128993632 0.0014965668128993632 0.0014965668128993632 0.0014965668128993632 0.0014965668128993632 0.0014965668128993632
0.0014965668128993632 0.0014965668128993632 0.0014965668128993632 0.0014965668128993632 0.0014965668128993632 0.0014965668128993632 0.0014965668128993632 0.0014965668128993632 0.0014965668128993632 0.0014965668128993632
0.0014965668128993632 0.0014965668128993632 0.0014965668128993632 0.0014965668128993632 0.0014965668128993632 0.0014965668128993632 0.0014965668128993632 0.0014965668128993632 0.0014965668128993632 0.0014965668128993632
0.0014965668128993632 0.0014965668128993632 0.0014965668128993632 0.0014965668128993632 0.0014965668128993632 0.0014965668128993632 0.0014965668128993632 0.0014965668128993632 0.0014965668128993632 0.0014965668128993632
0.0014965668128993632 0.0014965668128993632 0.0014965668128993632 0.0014965668128993632 0.0014965668128993632 0.0014965668128993632 0.0014965668128993632 0.0014965668128993632 0.0014965668128993632 0.0014965668128993632
0.0014965668128993632 0.0014965668128993632 0.0014965668128993632 0.0014965668128993632 0.0014965668128993632 0.0014965668128993632 0.0014965668128993632 0.0014965668128993632 0.0014965668128993632 0.0014965668128993632
0.0014965668128993632 0.0014965668128993632 0.0014965668128993632 0.0014965668128993632 0.0014965668128993632 0.0014965668128993632 0.0014965668128993632 0.0014965668128993632 0.0014965668128993632 0.0014965668128993632
0.0014965668128993632 0.0014965668128993632 0.0014965668128993632 0.0014965668128993632 0.0014965668128993632 0.0014965668128993632 0.0014965668128993632 0.0014965668128993632 0.0014965668128993632 0.0014965668128993632
0.0014965668128993632 0.0014965668128993632 0.0014965668128993632 0.0014965668128993632 0.0014965668128993632 0.0014965668128993632 0.0014965668128993632 0.0014965668128993632 0.0014965668128993632 0.0014965668128993632
0.0014965668128993632 0.0014965668128993632 0.0014965668128993632 0.0014965668128993632 0.0014965668128993632 0.0014965668128993632 0.0014965668128993632 0.0014965668128993632 0.0014965668128993632 0.0014965668128993632
