0.001417759137638178 0.001417759137638178 0.001417759137638178 0.001417759137638178 0.001417759137638178 0.001417759137638178 0.001417759137638178 0.001417759137638178 0.001417759137638178 0.001417759137638178
0.001417759137638178 0.001417759137638178 0.001417759137638178 0.001417759137638178 0.001417759137638178 0.001417759137638178 0.001417759137638178 0.001417759137638178 0.001417759137638178 0.001417759137638178
0.001417759137638178 0.001417759137638178 0.001417759137638178 0.001417759137638178 0.001417759137638178 0.001417759137638178 0.001417759137638178 0.001417759137638178 0.001417759137638178 0.001417759137638178
0.001417759137638178 0.001417759137638178 0.001417759137638178 0.001417759137638178 0.001417759137638178 0.001417759137638178 0.001417759137638178 0.001417759137638178 0.001417759137638178 0.001417759137638178
0.001417759137638178 0.001417759137638178 0.001417759137638178 0.001417759137638178 0.001417759137638178 0.001417759137638178 0.001417759137638178 0.001417759137638178 0.001417759137638178 0.001417759137638178
0.001417759137638178 0.001417759137638178 0.001417759137638178 0.001417759137638178 0.001417759137638178 0.001417759137638178 0.001417759137638178 0.001417759137638178 0.001417759137638178 0.001417759137638178
0.001417759137638178 0.001417759137638178 0.001417759137638178 0.001417759137638178 0.001417759137638178 0.001417759137638178 0.001417759137638178 0.001417759137638178 0.001417759137638178 0.001417759137638178
0.001417759137638178 0.001417759137638178 0.001417759137638178 0.001417759137638178 0.001417759137638178 0.001417759137638178 0.001417759137638178 0.001417759137638178 0.001417759137638178 0.001417759137638178
0.001417759137638178 0.001417759137638178 0.001417759137638178 0.001417759137638178 0.001417759137638178 0.001417759137638178 0.001417759137638178 0.001417759137638178 0.001417759137638178 0.001417759137638178
0.001417759137638178 0.001417759137638178 0.001417759137638178 0.001417759137638178 0.001417759137638178 0.001417759137638178 0.001417759137638178 0.001417759137638178 0.001417759137638178 0.001417759137638178
